Set of 60
x: 0.0 y: 0.0
0.000000
0.000000
0.000000
0.000000
0.000000
0.000000
x: 0.0 y: 0.0
0.000000
0.000000
0.000000
0.000000
0.000000
0.000000
x: 0.0 y: 0.0
0.000000
0.000000
0.000000
0.000000
0.000000
0.000000
Set of 61
x: 1.0 y: 1.0
1.000000
1.000000
1.000000
1.000000
1.000000
1.000000
x: 1.0 y: 1.0
1.000000
1.000000
1.000000
1.000000
1.000000
1.000000
x: 1.0 y: 1.0
1.000000
1.000000
1.000000
1.000000
1.000000
1.000000
Set of 62
x: 1.0 y: 1.0
1.000000
1.000000
1.000000
1.000000
1.000000
1.000000
x: 1.0 y: 1.0
1.000000
1.000000
1.000000
1.000000
1.000000
1.000000
x: 1.0 y: 1.0
1.000000
1.000000
1.000000
1.000000
1.000000
1.000000
Set of 63
x: 1.0 y: 1.0
1.000000
1.000000
1.000000
1.000000
1.000000
1.000000
x: 1.0 y: 1.0
1.000000
1.000000
1.000000
1.000000
1.000000
1.000000
x: 1.0 y: 1.0
1.000000
1.000000
1.000000
1.000000
1.000000
1.000000
Set of 64
x: 0.0 y: 0.0
0.000000
0.000000
0.000000
0.000000
0.000000
0.000000
x: 0.0 y: 0.0
0.000000
0.000000
0.000000
0.000000
0.000000
0.000000
x: 0.0 y: 0.0
0.000000
0.000000
0.000000
0.000000
0.000000
0.000000
Set of 65
x: 0.0 y: 0.0
0.000000
0.000000
0.000000
0.000000
0.000000
0.000000
x: 0.0 y: 0.0
0.000000
0.000000
0.000000
0.000000
0.000000
0.000000
x: 0.0 y: 0.0
0.000000
0.000000
0.000000
0.000000
0.000000
0.000000
Set of 66
x: 1.0 y: 1.0
1.000000
1.000000
1.000000
1.000000
1.000000
1.000000
x: 1.0 y: 1.0
1.000000
1.000000
1.000000
1.000000
1.000000
1.000000
x: 1.0 y: 1.0
1.000000
1.000000
1.000000
1.000000
1.000000
1.000000
Set of 67
x: 1.0 y: 1.0
1.000000
1.000000
1.000000
1.000000
1.000000
1.000000
x: 1.0 y: 1.0
1.000000
1.000000
1.000000
1.000000
1.000000
1.000000
x: 1.0 y: 1.0
1.000000
1.000000
1.000000
1.000000
1.000000
1.000000
Set of 68
x: 0.0 y: 0.0
0.000000
0.000000
0.000000
0.000000
0.000000
0.000000
x: 0.0 y: 0.0
0.000000
0.000000
0.000000
0.000000
0.000000
0.000000
x: 0.0 y: 0.0
0.000000
0.000000
0.000000
0.000000
0.000000
0.000000
Set of 69
x: 0.0 y: 0.0
0.000000
0.000000
0.000000
0.000000
0.000000
0.000000
x: 0.0 y: 0.0
0.000000
0.000000
0.000000
0.000000
0.000000
0.000000
x: 0.0 y: 0.0
0.000000
0.000000
0.000000
0.000000
0.000000
0.000000
