Set of 0
x: 0.1 y: -0.4
-0.200366
-0.553264
 0.270586
-0.485673
0.0239666
-0.151614

x: -0.2 y: 0
0.0239666
-0.151614
-0.222653
 0.182444
-0.446985
-0.219205

x: -0.5 y: -0.5
-0.446985
-0.219205
-0.671318
-0.620855
-0.200366
-0.553264

Set of 1
x: -0.4 y: -0.7
-0.139811
-0.454641
-0.350814
-0.864432
-0.677563
-0.598734

x: -0.8 y: -0.4
-0.677563
-0.598734
 -1.00431
-0.333036
-0.466561
-0.188943

x: -0.1 y: -0.2
-0.466561
-0.188943
 0.0711916
-0.0448487
-0.139811
-0.454641

Set of 2
x: 0.6 y: 0.3
 0.259782
-0.256225
1.05069
0.39732
0.0268699
 0.718319

x: -0.7 y: 0.7
0.0268699
 0.718319
-0.996949
  1.03932
-0.764037
0.0647747

x: -0.4 y: -0.5
-0.764037
0.0647747
-0.531125
-0.909769
 0.259782
-0.256225

Set of 3
x: -0.7 y: -0.3
-0.605882
-0.368026
-0.880271
-0.155553
-0.355284
-0.605568

x: 0 y: -0.9
-0.355284
-0.605568
0.169703
-1.05558
-0.0808952
 -0.818041

x: -0.1 y: -0.8
-0.0808952
 -0.818041
-0.331493
-0.580499
-0.605882
-0.368026

Set of 4
x: 0 y: 0
-0.405271
 0.144034
   0.17024
-0.0467045
0.719735
-0.30595

x: 0.9 y: -0.4
0.719735
-0.30595
  1.26923
-0.565195
 0.144223
-0.115211

x: -0.6 y: 0.2
 0.144223
-0.115211
-0.980783
 0.334773
-0.405271
 0.144034

Set of 5
x: -0.9 y: 0.9
-0.943561
 0.188847
-1.18119
 1.44924
-0.289084
 0.515201

x: 0.2 y: -0.5
-0.289084
 0.515201
 0.603023
-0.418833
-0.0514541
 -0.745188

x: -0.4 y: -0.8
-0.0514541
 -0.745188
-0.705931
 -1.07154
-0.943561
 0.188847

Set of 6
x: 0.9 y: 0.4
0.591356
0.451218
1.18902
0.55064
 0.967891
-0.399218

x: 0.7 y: -0.9
 0.967891
-0.399218
0.746758
-1.34908
0.370224
-0.49864

x: 0.3 y: 0.3
0.370224
-0.49864
-0.00631062
   0.351796
0.591356
0.451218

Set of 7
x: 0 y: 0.3
  0.449333
-0.0961252
-0.0621236
  0.435532
-0.750412
 0.729283

x: -1 y: 0.8
-0.750412
 0.729283
-1.4387
1.02303
-0.238956
 0.197626

x: 0.6 y: -0.3
-0.238956
 0.197626
 0.960789
-0.627782
  0.449333
-0.0961252

Set of 8
x: 0 y: 0.8
0.307176
0.512696
-0.0933784
   1.08499
-0.0429491
  0.529511

x: 0.2 y: 0
-0.0429491
  0.529511
0.00748021
-0.0259632
  0.357605
-0.0427787

x: 0.5 y: 0
  0.357605
-0.0427787
   0.70773
-0.0595941
0.307176
0.512696

Set of 9
x: 0.3 y: -0.9
0.0613171
-0.604152
 0.36798
-1.38512
 0.743417
-0.104929

x: 0.8 y: 0.8
 0.743417
-0.104929
1.11885
1.17527
0.436754
0.676042

x: 0 y: 0.1
0.436754
0.676042
-0.245346
 0.176819
0.0613171
-0.604152

Set of 10
x: -0.1 y: 0.9
-0.945207
-0.201522
-0.556222
 0.985481
0.148265
0.917342

x: 0.4 y: 0.8
0.148265
0.917342
0.852753
0.849204
 -0.24072
-0.269661

x: -1 y: -0.8
 -0.24072
-0.269661
-1.33419
-1.38853
-0.945207
-0.201522

Set of 11
x: -0.2 y: 0.7
0.237841
0.670996
-0.442048
 0.867988
-0.0824567
  0.465631

x: 0.4 y: 0.2
-0.0824567
  0.465631
 0.277134
0.0632738
0.597432
0.268639

x: 0.7 y: 0.4
0.597432
0.268639
0.917729
0.474005
0.237841
0.670996

Set of 12
x: -1 y: 0.9
-0.994429
 0.643294
-1.17446
 1.20519
-0.421235
 0.605602

x: 0 y: 0.1
-0.421235
 0.605602
  0.331986
0.00601366
-0.241208
 0.043706

x: -0.7 y: 0.2
-0.241208
 0.043706
-0.814401
0.0813982
-0.994429
 0.643294

Set of 13
x: -0.4 y: 0.6
   -0.50942
0.000712504
-0.435613
 0.900858
-0.336144
 0.448967

x: -0.3 y: 0.1
-0.336144
 0.448967
  -0.236674
-0.00292444
-0.409951
-0.451179

x: -0.5 y: -0.6
-0.409951
-0.451179
-0.583228
-0.899433
   -0.50942
0.000712504

Set of 14
x: 0.6 y: -1
 0.484627
-0.852293
0.768203
-1.32775
 0.392106
-0.278208

x: 0.1 y: 0.4
 0.392106
-0.278208
0.0160096
 0.771333
0.108531
0.197248

x: 0.4 y: -0.7
0.108531
0.197248
 0.201052
-0.376837
 0.484627
-0.852293

Set of 15
x: -0.2 y: 0.8
0.253203
0.424063
-0.158035
  1.04569
-0.357467
 0.647834

x: -0.4 y: 0.4
-0.357467
 0.647834
-0.556899
 0.249981
0.0537711
0.0262113

x: 0.4 y: 0
0.0537711
0.0262113
 0.664441
-0.197559
0.253203
0.424063

Set of 16
x: -0.8 y: -0.8
 0.150163
-0.707012
-1.12749
-1.17397
-0.748336
-0.385672

x: -0.3 y: 0.1
-0.748336
-0.385672
-0.369178
 0.402626
 0.529321
0.0812867

x: 0.9 y: -0.2
 0.529321
0.0812867
  1.42782
-0.240053
 0.150163
-0.707012
S
