Set of 0
x: 0 y: 0.2
0.0121857
 -0.23043
0.119623
0.251629
-0.0677598
  0.204731

x: -0.1 y: 0.2
-0.0677598
  0.204731
-0.233334
 0.163291
-0.414418
 0.473355

x: -0.5 y: 0.9
-0.414418
 0.473355
-0.759644
  1.06447
-0.0479586
    1.0269

x: 0.5 y: 0.8
-0.0479586
    1.0269
0.999062
0.971618
  0.23746
-0.228128

x: 0 y: -0.5
  0.23746
-0.228128
-0.108906
-0.773754
0.0121857
 -0.23043

Set of 1
x: 0.2 y: -0.4
 0.243679
-0.428123
 0.124487
-0.327734
 0.325247
-0.578878

x: 0.8 y: -1
 0.325247
-0.578878
0.998301
-1.42084
 0.779559
-0.599661

x: 0.1 y: 0.4
 0.779559
-0.599661
0.426799
0.724636
-0.659487
 0.421104

x: -1 y: 0.2
-0.659487
 0.421104
 -1.5496
0.172387
-0.119597
-0.383398

x: 0.3 y: -0.5
-0.119597
-0.383398
 0.456355
-0.607247
 0.243679
-0.428123

Set of 2
x: 0.6 y: -0.7
 0.665785
-0.663174
  0.42617
-0.880592
-0.11006
0.044915

x: -0.3 y: 0.5
-0.11006
0.044915
-0.518537
 0.749927
-0.0877672
  0.372582

x: 0.2 y: -0.1
-0.0877672
  0.372582
  0.405523
-0.0595306
0.0753382
-0.225584

x: 0 y: -0.3
0.0753382
-0.225584
-0.157169
-0.342515
 0.327712
-0.435941

x: 0.7 y: -0.6
 0.327712
-0.435941
 0.813136
-0.529473
 0.665785
-0.663174

Set of 3
x: 0.5 y: 0.1
0.678159
-0.54668
0.490854
0.571612
 0.421265
-0.243857

x: 0.2 y: -0.9
 0.421265
-0.243857
 0.32475
-1.37485
-0.149722
-0.561701

x: -0.3 y: 0.2
-0.149722
-0.561701
-0.555999
 0.134579
-0.129895
 0.354846

x: 0.1 y: 0.4
-0.129895
 0.354846
 0.39679
0.627106
 0.677255
-0.612564

x: 0.7 y: -0.7
 0.677255
-0.612564
0.723233
-0.81579
0.678159
-0.54668

Set of 4
x: -0.4 y: 0.3
-0.260847
 0.161685
-0.577899
 0.326757
-0.173437
 0.434785

x: 0.4 y: 0.4
-0.173437
 0.434785
0.237448
 0.54453
0.472398
0.349532

x: 0.6 y: 0.3
0.472398
0.349532
0.674792
0.181554
0.648308
0.538029

x: 0.6 y: 0.7
0.648308
0.538029
0.624199
0.862528
0.490945
0.537935

x: 0.1 y: 0.1
0.490945
0.537935
  0.231293
-0.0945453
-0.260847
 0.161685

Set of 5
x: 0 y: 0.8
-0.432451
 0.542234
0.241974
 1.34986
 0.572097
-0.350588

x: 0.6 y: -0.9
 0.572097
-0.350588
0.701703
-1.01818
 0.546095
-0.876578

x: 0.5 y: -0.8
 0.546095
-0.876578
 0.396937
-0.740846
 0.714776
-0.525046

x: 0.9 y: -0.3
 0.714776
-0.525046
 1.23764
-0.17004
 0.299168
-0.165837

x: -0.6 y: 0.1
 0.299168
-0.165837
 -1.01881
-0.159935
-0.432451
 0.542234

Set of 6
x: -0.7 y: 0.6
-0.297058
 0.478031
-0.840133
 0.778927
-0.67505
0.431167

x: -0.5 y: 0.2
-0.67505
0.431167
-0.420556
-0.104944
 0.440861
0.0841811

x: 0.5 y: 0.1
 0.440861
0.0841811
0.663453
0.133051
0.0482907
0.0375197

x: -0.7 y: -0.1
0.0482907
0.0375197
 -1.03615
-0.130888
 -0.549016
-0.0996872

x: 0.1 y: 0.1
 -0.549016
-0.0996872
  0.611487
-0.0253562
-0.297058
 0.478031

Set of 7
x: -0.2 y: -0.9
-0.473422
-0.486511
0.117202
-1.03771
-0.531632
-0.942555

x: -1 y: -0.7
-0.531632
-0.942555
 -1.40673
-0.814222
 -0.699749
-0.0727939

x: -0.4 y: 0.2
 -0.699749
-0.0727939
-0.173874
 0.478699
0.601554
0.713141

x: 0.8 y: 0.8
0.601554
0.713141
 1.06651
0.853714
0.442605
0.806199

x: -0.9 y: 0.3
0.442605
0.806199
-1.68498
0.644167
-0.473422
-0.486511

Set of 8
x: 0.4 y: 0.1
 0.493913
-0.524197
 0.487568
0.0805318
 0.18023
0.594132

x: 0.1 y: 0.7
 0.18023
0.594132
-0.0171235
  0.923934
0.251934
0.229322

x: 0.5 y: -0.7
0.251934
0.229322
0.968276
-1.62002
-0.22995
0.199618

x: -0.6 y: 0.7
-0.22995
0.199618
-0.882582
  1.19071
-0.392726
 0.220907

x: 0.4 y: -0.9
-0.392726
 0.220907
0.504738
-1.55588
 0.493913
-0.524197

Set of 9
x: -0.9 y: -0.5
-0.133076
-0.790177
 -1.49978
-0.692049
-0.458803
 0.148117

x: 0.1 y: 0.4
-0.458803
 0.148117
0.481533
 0.90706
-3.66255e-05
   -0.461778

x: -0.3 y: -1
-3.66255e-05
   -0.461778
-0.382691
 -1.54945
-0.417876
-0.441047

x: -0.2 y: 0.5
-0.417876
-0.441047
-0.467438
  1.12025
0.392131
0.117984

x: 0.7 y: -0.6
0.392131
0.117984
  1.25656
-0.889952
-0.133076
-0.790177

