Set of 0
x: -0.3 y: -0.6
 -0.56812
-0.626203
0.0120105
-0.733267
0.0282577
 0.339128

x: -0.1 y: 0.9
0.0282577
 0.339128
0.0445049
  1.41152
-0.551873
 0.446191

x: -0.8 y: -0.5
-0.551873
 0.446191
 -1.14825
-0.519139
 -0.56812
-0.626203

Set of 1
x: -0.5 y: -0.9
-0.350372
-0.780287
-0.685892
 -1.16402
-0.315479
-0.337462

x: 0 y: 0.2
-0.315479
-0.337462
0.054934
0.489095
0.0200413
0.0462705

x: 0 y: -0.1
0.0200413
0.0462705
-0.0148514
 -0.396554
-0.350372
-0.780287

Set of 2
x: 0.5 y: -0.8
  0.47582
-0.695753
 0.618166
-0.936327
0.0997704
-0.700953

x: -0.2 y: -0.5
0.0997704
-0.700953
-0.418625
 -0.46558
-0.0425754
 -0.460379

x: 0.4 y: -0.6
-0.0425754
 -0.460379
 0.333474
-0.455178
  0.47582
-0.695753

Set of 3
x: 0.6 y: -0.7
0.0407236
0.0180215
0.619943
-1.11581
 0.711564
-0.465738

x: 0.7 y: -0.1
 0.711564
-0.465738
0.803186
0.184331
0.132345
0.668091

x: -0.2 y: 0.8
0.132345
0.668091
-0.538496
  1.15185
0.0407236
0.0180215

Set of 4
x: 0.5 y: 0
 -0.113558
-0.0222419
0.737181
0.286436
 0.521608
-0.452802

x: 0.2 y: -0.9
 0.521608
-0.452802
0.306035
-1.19204
-0.329131
-0.761479

x: -0.6 y: -0.4
-0.329131
-0.761479
-0.964298
 -0.33092
 -0.113558
-0.0222419

Set of 5
x: -0.3 y: -1
-0.145273
-0.851062
-0.574039
 -1.32894
 0.176232
-0.279153

x: 0.7 y: 0.4
 0.176232
-0.279153
0.926503
0.770635
0.604998
0.198726

x: -0.1 y: -0.8
0.604998
0.198726
 0.283493
-0.373184
-0.145273
-0.851062

Set of 6
x: 0.2 y: 0.1
 0.0969176
-0.0255236
0.431815
 0.18302
-0.319546
 0.311385

x: -0.8 y: 0.3
-0.319546
 0.311385
-1.07091
 0.43975
-0.654443
 0.102841

x: -0.1 y: -0.1
-0.654443
 0.102841
-0.237979
-0.234067
 0.0969176
-0.0255236

Set of 7
x: 0.2 y: 0
-0.252006
 0.649597
0.486994
0.114934
0.0203392
-0.490919

x: -0.3 y: -0.7
0.0203392
-0.490919
-0.446316
 -1.09677
-0.718661
0.0437441

x: -0.7 y: 0.8
-0.718661
0.0437441
-0.991006
  1.18426
-0.252006
 0.649597

Set of 8
x: 0.4 y: -0.2
  0.310774
-0.0423271
 0.606541
-0.491008
-0.0685153
  0.333946

x: -0.5 y: 0.9
-0.0685153
  0.333946
-0.743571
   1.1589
-0.364282
 0.782628

x: -0.1 y: 0.5
-0.364282
 0.782628
0.0150073
 0.406354
  0.310774
-0.0423271

Set of 9
x: -0.4 y: -0.4
-0.623212
-0.243489
-0.211924
-0.727488
-0.42358
0.250308

x: -0.7 y: 0.9
-0.42358
0.250308
-0.635236
   1.2281
-0.834867
 0.734307

x: -0.9 y: 0.4
-0.834867
 0.734307
 -1.0345
0.240509
-0.623212
-0.243489

Set of 10
x: 0.3 y: 0.5
-0.133984
 0.706109
 0.69182
0.614823
0.167554
 -0.4102

x: -0.3 y: -0.9
0.167554
 -0.4102
-0.356711
 -1.43522
-0.658249
-0.318914

x: -0.6 y: 0.6
-0.658249
-0.318914
-0.959787
 0.797395
-0.133984
 0.706109

Set of 11
x: -0.5 y: -0.6
-0.420531
-0.268538
-0.753604
 -1.00571
0.0863353
-0.131697

x: 0.6 y: 0.6
0.0863353
-0.131697
0.926275
0.742319
0.419409
0.605479

x: 0.4 y: 0.6
0.419409
0.605479
-0.087457
 0.468639
-0.420531
-0.268538

Set of 12
x: -0.7 y: -0.7
-0.580315
-0.574258
-0.850695
-0.967126
-0.553266
-0.141404

x: -0.3 y: 0.4
-0.553266
-0.141404
-0.255836
 0.684317
-0.282886
 0.251463

x: -0.3 y: 0.1
-0.282886
 0.251463
-0.309935
-0.181391
-0.580315
-0.574258

Set of 13
x: 0.8 y: -0.3
-0.0185312
  0.170812
 0.945542
-0.747185
 0.892578
0.0525489

x: 0.7 y: 0.6
 0.892578
0.0525489
0.839613
0.852283
-0.071496
 0.970546

x: -0.5 y: 0.9
-0.071496
 0.970546
-0.982605
  1.08881
-0.0185312
  0.170812

Set of 14
x: 0 y: -0.4
-0.0228958
 0.0677189
 0.127518
-0.607935
-0.133021
-0.312619

x: -0.3 y: 0
-0.133021
-0.312619
 -0.393559
-0.0173036
-0.283434
 0.363034

x: -0.2 y: 0.5
-0.283434
 0.363034
-0.173309
 0.743372
-0.0228958
 0.0677189

Set of 15
x: -1 y: -0.2
-0.809528
 -0.54587
 -1.44337
0.0271442
-0.0119537
    0.1409

x: 0.9 y: 0
-0.0119537
    0.1409
 1.41946
0.254656
 0.621889
-0.432114

x: -0.3 y: -0.8
 0.621889
-0.432114
-0.175685
 -1.11888
-0.809528
 -0.54587

Set of 16
x: 0.9 y: 0.5
0.097907
0.850728
 1.24499
0.758743
  1.01211
-0.368213

x: 0.7 y: -0.9
  1.01211
-0.368213
0.779235
-1.49517
-0.134971
-0.276228

x: -0.5 y: 0.7
-0.134971
-0.276228
-1.04918
0.942713
0.097907
0.850728

Set of 17
x: 0.9 y: 0
0.381086
0.455267
    1.50743
-0.00565239
 0.199403
-0.769366

x: -0.8 y: -1
 0.199403
-0.769366
-1.10862
-1.53308
 -0.92694
-0.308446

x: -0.5 y: 0.5
 -0.92694
-0.308446
-0.745256
 0.916187
0.381086
0.455267

Set of 18
x: -0.5 y: -0.9
-0.401108
-0.268692
-0.721238
 -1.08422
-0.307924
-0.870326

x: -0.1 y: -0.7
-0.307924
-0.870326
 0.105389
-0.656431
 0.0122053
-0.0547964

x: -0.1 y: 0.2
 0.0122053
-0.0547964
-0.0809786
  0.546838
-0.401108
-0.268692

Set of 19
x: 0 y: 0.3
-0.436634
-0.154893
0.309742
0.449244
-0.21006
0.275626

x: -0.8 y: -0.1
-0.21006
0.275626
-0.729863
 0.102009
-0.956437
-0.328511

x: -1 y: -0.5
-0.956437
-0.328511
 -1.18301
-0.759031
-0.436634
-0.154893

Set of 20
x: -0.2 y: 0.5
0.0870494
-0.578579
0.132057
0.221616
-0.30815
0.610222

x: -0.5 y: 0.7
-0.30815
0.610222
-0.748356
 0.998828
-0.353157
-0.189973

x: 0 y: -0.9
-0.353157
-0.189973
0.0420418
 -1.37877
0.0870494
-0.578579

Set of 21
x: -0.6 y: -0.3
-0.294186
 0.102032
-0.674079
-0.569907
-0.615479
-0.122699

x: -0.4 y: 0.4
-0.615479
-0.122699
-0.556878
 0.324508
-0.235586
  0.54924

x: -0.1 y: 0.6
-0.235586
  0.54924
0.0857069
 0.773971
-0.294186
 0.102032

Set of 22
x: -1 y: 0.2
-1.00952
0.415853
  -1.11804
-0.0704428
-0.188888
-0.164987

x: 0.3 y: -0.1
-0.188888
-0.164987
 0.740261
-0.259531
-0.080371
 0.321309

x: -0.9 y: 0.6
-0.080371
 0.321309
-0.901003
 0.902149
-1.00952
0.415853

Set of 23
x: -0.1 y: 0.6
-0.704959
0.0315166
-0.252315
  0.90793
 0.37133
0.442006

x: 0.6 y: 0.1
 0.37133
0.442006
  0.994976
-0.0239175
-0.0813129
 -0.434407

x: -0.8 y: -0.5
-0.0813129
 -0.434407
  -1.1576
-0.844897
-0.704959
0.0315166

Set of 24
x: -0.3 y: -0.3
 0.365505
-0.802845
-0.472994
-0.354101
-0.835924
 0.546349

x: -0.9 y: 0.9
-0.835924
 0.546349
-1.19885
  1.4468
0.00257458
  0.097606

x: 0.7 y: -0.9
0.00257458
  0.097606
   1.204
-1.25159
 0.365505
-0.802845

Set of 25
x: -0.5 y: 0.1
-0.711325
 0.129658
 -0.302768
-0.0641405
-0.600032
 0.540876

x: -0.9 y: 0.9
-0.600032
 0.540876
-0.897297
  1.14589
-1.00859
0.734675

x: -1 y: 0.4
-1.00859
0.734675
-1.11988
0.323456
-0.711325
 0.129658

Set of 26
x: -0.2 y: 0.5
-0.765556
-0.528298
-0.238745
0.0267035
-0.173758
 0.674638

x: -0.2 y: 0.9
-0.173758
 0.674638
-0.108771
  1.32257
-0.700569
 0.119636

x: -1 y: -0.7
-0.700569
 0.119636
-1.29237
 -1.0833
-0.765556
-0.528298

Set of 27
x: -0.3 y: -0.8
-0.179261
-0.218225
-0.123408
 -1.12826
-0.632192
-0.634613

x: -0.9 y: -0.1
-0.632192
-0.634613
 -1.14098
-0.140966
-0.688045
 0.275421

x: -0.4 y: 0.4
-0.688045
 0.275421
-0.235113
 0.691809
-0.179261
-0.218225

Set of 28
x: 0 y: 0.9
  0.2977
0.894853
-0.356848
  1.13725
 0.140871
-0.110119

x: 0.6 y: -0.8
 0.140871
-0.110119
0.638589
-1.35749
 0.795419
-0.352519

x: 0.6 y: 0.7
 0.795419
-0.352519
0.952248
0.652453
  0.2977
0.894853

Set of 29
x: 0.9 y: -0.9
 0.181149
-0.166103
 1.16751
-1.42836
0.834481
-0.53206

x: -0.1 y: 0.7
0.834481
-0.53206
0.501457
0.364241
-0.151876
 0.730199

x: -0.4 y: 0.8
-0.151876
 0.730199
-0.805208
  1.09616
 0.181149
-0.166103

Set of 30
x: 0.4 y: 0.1
0.373438
0.503659
  0.370601
-0.0747675
 0.597838
-0.621466

x: 0.7 y: -0.8
 0.597838
-0.621466
0.825075
-1.16816
  0.600674
-0.0430394

x: 0.4 y: 0.7
  0.600674
-0.0430394
0.376274
 1.08209
0.373438
0.503659

Set of 31
x: 0.3 y: -0.6
-0.375368
-0.103374
0.486609
-1.12201
  0.401003
-0.0958571

x: 0 y: 0.8
  0.401003
-0.0958571
0.315397
0.930299
-0.460973
 0.922783

x: -0.8 y: 0.8
-0.460973
 0.922783
-1.23734
0.915266
-0.375368
-0.103374

Set of 32
x: 0.3 y: -0.4
-0.362038
-0.117567
 0.286173
-0.712632
  0.701375
-0.0883206

x: 0.8 y: 0.3
  0.701375
-0.0883206
1.11658
0.53599
0.0531641
 0.506744

x: -0.6 y: 0.3
0.0531641
 0.506744
-1.01025
0.477497
-0.362038
-0.117567

Set of 33
x: -0.1 y: 0.7
-0.160151
 -0.21372
0.153271
 1.05801
-0.339905
  0.57117

x: -0.6 y: 0.2
-0.339905
  0.57117
 -0.83308
0.0843268
-0.653327
-0.700563

x: -0.5 y: -1
-0.653327
-0.700563
-0.473573
 -1.48545
-0.160151
 -0.21372

Set of 34
x: -0.7 y: -0.5
-0.941683
-0.301721
-0.730437
-0.542879
-0.416545
-0.601689

x: -0.3 y: -0.6
-0.416545
-0.601689
-0.102653
  -0.6605
-0.627791
-0.360532

x: -1 y: -0.2
-0.627791
-0.360532
  -1.15293
-0.0605632
-0.941683
-0.301721

Set of 35
x: 0.1 y: 0.2
-0.350943
 0.163084
 0.147848
0.0392587
0.148777
0.352742

x: 0.1 y: 0.5
0.148777
0.352742
0.149706
0.666225
-0.350014
 0.476567

x: -0.6 y: 0.3
-0.350014
 0.476567
-0.849733
  0.28691
-0.350943
 0.163084

Set of 36
x: -0.3 y: -0.3
-0.502162
 -0.76531
-0.266706
-0.342628
-0.202243
 0.134733

x: -0.2 y: 0.3
-0.202243
 0.134733
-0.13778
0.612094
-0.437699
-0.287949

x: -0.6 y: -0.9
-0.437699
-0.287949
-0.737618
 -1.18799
-0.502162
 -0.76531

Set of 37
x: 0 y: -0.6
0.175564
0.150641
0.0285825
-0.974653
-0.0712712
 -0.413021

x: -0.1 y: -0.1
-0.0712712
 -0.413021
-0.171125
 0.148612
0.0757103
 0.712273

x: 0.2 y: 0.9
0.0757103
 0.712273
0.322545
 1.27593
0.175564
0.150641

Set of 38
x: 0.7 y: 0.6
0.116576
0.087103
0.885962
 1.04178
0.706592
0.241366

x: 0.2 y: -0.6
0.706592
0.241366
 0.527221
-0.559051
-0.0627946
 -0.713314

x: -0.3 y: -0.7
-0.0627946
 -0.713314
 -0.65281
-0.867577
0.116576
0.087103

Set of 39
x: -0.4 y: -0.9
-0.152216
-0.728395
-0.716839
 -1.28402
-0.0512963
-0.0804766

x: 0.5 y: 0.7
-0.0512963
-0.0804766
0.614246
 1.12307
0.513327
0.475149

x: 0.5 y: 0.4
0.513327
0.475149
 0.412407
-0.172769
-0.152216
-0.728395

Set of 40
x: -0.3 y: 0.5
-0.577563
 0.398734
-0.250814
 0.664432
-0.039811
 0.254641

x: 0 y: 0
-0.039811
 0.254641
 0.171192
-0.155151
 -0.366561
-0.0110575

x: -0.7 y: 0.2
 -0.366561
-0.0110575
-0.904313
 0.133036
-0.577563
 0.398734

Set of 41
x: -0.9 y: 0.3
-0.650031
 0.244325
-1.35484
0.494822
-0.0796066
  -0.25482

x: 0.8 y: -0.7
-0.0796066
  -0.25482
 1.19562
-1.00446
 0.625198
-0.505317

x: -0.1 y: 0
 0.625198
-0.505317
   0.054773
-0.00617158
-0.650031
 0.244325

Set of 42
x: 0.2 y: -0.5
 0.252477
-0.441479
0.000122313
  -0.769447
-0.702288
-0.627449

x: -1 y: -0.5
-0.702288
-0.627449
  -1.4047
-0.485451
-0.449933
-0.299481

x: 0.3 y: -0.3
-0.449933
-0.299481
 0.504832
-0.113511
 0.252477
-0.441479

Set of 43
x: -0.1 y: -0.1
0.0433344
-0.140144
-0.320223
 -0.16356
0.150214
0.411178

x: 0.5 y: 0.7
0.150214
0.411178
0.620651
0.985915
0.513772
0.434594

x: 0.2 y: -0.1
0.513772
0.434594
 0.406892
-0.116728
0.0433344
-0.140144

Set of 44
x: -0.5 y: -0.5
 0.265774
-0.174401
-0.592646
-0.808639
-0.553281
-0.301235

x: -0.5 y: -0.1
-0.553281
-0.301235
-0.513917
 0.206169
0.305139
0.333003

x: 0.7 y: 0.3
0.305139
0.333003
 1.12419
0.459836
 0.265774
-0.174401

Set of 45
x: 0.4 y: -0.5
-0.241826
0.0405872
  0.67939
-0.322202
 0.281673
-0.819182

x: 0 y: -1
 0.281673
-0.819182
-0.116043
 -1.31616
-0.639542
-0.456393

x: -0.8 y: 0.1
-0.639542
-0.456393
-1.16304
0.403376
-0.241826
0.0405872

Set of 46
x: -0.4 y: -0.2
0.264891
0.158623
-0.493047
-0.614132
-0.613208
 0.211451

x: -0.5 y: 0.8
-0.613208
 0.211451
-0.733368
  1.03703
 0.14473
0.984206

x: 0.6 y: 0.8
 0.14473
0.984206
 1.02283
0.931378
0.264891
0.158623

Set of 47
x: -0.9 y: -0.1
-0.594999
 0.246044
 -1.37525
-0.342485
  -0.18521
-0.0413214

x: 0.7 y: 0.4
  -0.18521
-0.0413214
 1.00483
0.259843
0.595038
0.547208

x: 0.5 y: 0.6
0.595038
0.547208
 0.18525
0.834573
-0.594999
 0.246044

Set of 48
x: 0.7 y: -0.2
0.586762
-0.61871
  0.993553
-0.0272045
 0.138498
0.0329032

x: -0.4 y: -0.1
 0.138498
0.0329032
-0.716558
0.0930108
-0.268293
-0.558602

x: 0.2 y: -0.9
-0.268293
-0.558602
0.179972
-1.21022
0.586762
-0.61871

Set of 49
x: 0.2 y: 0.7
0.2
0.7
-0.150485
 0.576749
-0.431043
 -0.42801

x: -0.5 y: -0.9
-0.431043
 -0.42801
 -0.7116
-1.43277
-0.0805575
 -0.304759

x: 0.3 y: 0.7
-0.0805575
 -0.304759
0.550485
0.823251
0.2
0.7

Set of 50
x: 0.3 y: -0.5
-0.615123
-0.844562
-0.0408592
  -0.49515
 0.585539
-0.472113

x: 0.8 y: -0.5
 0.585539
-0.472113
  1.21194
-0.449076
0.0112757
-0.821524

x: -0.8 y: -1
0.0112757
-0.821524
-1.18939
-1.19397
-0.615123
-0.844562

Set of 51
x: -0.7 y: 0.9
 0.375869
0.0711311
-0.787343
  1.52692
-0.898648
 0.472721

x: -0.8 y: -0.2
-0.898648
 0.472721
 -1.00995
-0.581482
 0.264564
-0.983072

x: 0.9 y: -1
 0.264564
-0.983072
 1.53908
-1.38466
 0.375869
0.0711311

Set of 52
x: 0.4 y: 0.7
0.861269
0.172625
0.547064
0.958851
0.00840863
  0.587363

x: -0.2 y: 0.3
0.00840863
  0.587363
-0.530246
 0.215875
 0.322614
-0.198863

x: 0.9 y: -0.3
 0.322614
-0.198863
1.17547
-0.6136
0.861269
0.172625

Set of 53
x: -0.7 y: 0.2
-0.506071
   0.2076
 -1.05055
0.0898293
-0.0745785
  0.612903

x: 0.6 y: 0.9
-0.0745785
  0.612903
0.901394
 1.13598
0.469902
0.730674

x: -0.2 y: 0.3
0.469902
0.730674
0.0384096
 0.325371
-0.506071
   0.2076

Set of 54
x: 0.9 y: 0.1
0.979318
 -0.3616
  1.0862
0.357369
0.174009
0.350809

x: -0.3 y: 0.2
0.174009
0.350809
-0.738185
  0.34425
0.0671242
 -0.36816

x: 0.8 y: -0.7
0.0671242
 -0.36816
0.872434
-1.08057
0.979318
 -0.3616

Set of 55
x: 0.2 y: 0.4
0.305688
0.155246
-0.00420916
   0.551462
0.525666
0.368912

x: 0.9 y: 0.1
0.525666
0.368912
 1.05554
0.186363
  0.835563
-0.0273034

x: 0.7 y: -0.1
  0.835563
-0.0273034
 0.615584
-0.240969
0.305688
0.155246

Set of 56
x: -0.4 y: -0.7
-0.152228
-0.652764
-0.639226
-0.908699
 -0.26852
-0.153302

x: 0.1 y: 0.3
 -0.26852
-0.153302
0.102186
0.602095
0.218478
0.102633

x: 0.2 y: -0.3
0.218478
0.102633
  0.33477
-0.396829
-0.152228
-0.652764

Set of 57
x: 0.8 y: -0.8
 0.703657
-0.274674
0.996969
-1.02837
  0.59655
-0.716203

x: 0.3 y: -0.3
  0.59655
-0.716203
  0.19613
-0.404036
 0.303237
0.0374931

x: 0.4 y: 0.2
 0.303237
0.0374931
0.410345
0.479022
 0.703657
-0.274674

Set of 58
x: -0.7 y: -0.6
0.0704543
-0.371672
-0.939951
 -1.05036
  -0.834308
-0.00848946

x: -0.5 y: 0.7
  -0.834308
-0.00848946
-0.728666
  1.03338
0.176097
0.670197

x: 0.6 y: 0.3
0.176097
0.670197
 1.08086
0.307015
0.0704543
-0.371672

Set of 59
x: 0.4 y: 0.5
  0.157627
-0.0792875
0.458894
0.820224
0.404689
0.323499

x: 0.2 y: -0.4
0.404689
0.323499
 0.350484
-0.173225
 0.103422
-0.576012

x: 0 y: -0.7
 0.103422
-0.576012
-0.143639
-0.978799
  0.157627
-0.0792875

Set of 60
x: 0.2 y: -0.8
-0.206846
-0.480777
0.326228
 -1.0731
  0.19908
-0.584537

x: -0.1 y: -0.1
  0.19908
-0.584537
 0.0719319
-0.0959692
 -0.333994
0.00779044

x: -0.5 y: 0
 -0.333994
0.00779044
-0.73992
 0.11155
-0.206846
-0.480777

Set of 61
x: 0.5 y: -0.5
 0.287923
-0.732088
 0.688789
-0.430841
0.600136
0.163413

x: 0.5 y: 0.4
0.600136
0.163413
0.511483
0.757667
 0.199271
-0.137834

x: 0.1 y: -0.8
 0.199271
-0.137834
-0.112942
 -1.03333
 0.287923
-0.732088

Set of 62
x: 0.1 y: -0.7
-0.0979139
 -0.671902
 0.312579
-0.882746
 0.0616402
-0.0678682

x: -0.2 y: 0.4
 0.0616402
-0.0678682
-0.189299
 0.747009
-0.348853
 0.142976

x: -0.3 y: -0.5
-0.348853
 0.142976
-0.508407
-0.461058
-0.0979139
 -0.671902

Set of 63
x: 0.1 y: -1
  0.49068
-0.734803
-0.10933
-1.10979
 0.211706
-0.956587

x: 0.5 y: -0.8
 0.211706
-0.956587
 0.532743
-0.803383
0.811716
 -0.5816

x: 0.9 y: -0.5
0.811716
 -0.5816
  1.09069
-0.359817
  0.49068
-0.734803

Set of 64
x: 0 y: -0.9
 -0.283698
-0.0367726
-0.0736522
  -1.31288
 0.135297
-0.702522

x: 0.2 y: -0.4
 0.135297
-0.702522
 0.344245
-0.092167
-0.0747489
  0.573583

x: -0.3 y: 0.8
-0.0747489
  0.573583
-0.493743
  1.23933
 -0.283698
-0.0367726

Set of 65
x: -0.9 y: -0.4
-0.296242
 0.104691
 -1.42422
-0.386841
-0.445639
-0.771017

x: 0.4 y: -0.8
-0.445639
-0.771017
0.532945
-1.15519
 0.682343
-0.279485

x: 0.6 y: 0.2
 0.682343
-0.279485
 0.83174
0.596223
-0.296242
 0.104691

Set of 66
x: -0.8 y: 0.7
-0.365902
-0.108349
-1.39713
0.923705
-0.0835533
  0.936075

x: 0.9 y: 0.6
-0.0835533
  0.936075
 1.23002
0.948444
  0.947671
-0.0959795

x: 0.6 y: -0.6
  0.947671
-0.0959795
0.665323
 -1.1404
-0.365902
-0.108349

Set of 67
x: 0.7 y: 0.9
0.454609
0.278659
0.903398
 1.17926
0.554309
0.777883

x: 0.2 y: 0.2
0.554309
0.777883
 0.20522
0.376505
 0.105519
-0.122719

x: 0.1 y: -0.3
 0.105519
-0.122719
0.00581871
 -0.621942
0.454609
0.278659

Set of 68
x: 0.3 y: 0.5
0.420893
0.299257
0.329751
0.680477
-0.170679
 0.480502

x: -0.4 y: 0.3
-0.170679
 0.480502
-0.671109
 0.280526
-0.0795365
 0.0992814

x: 0.4 y: 0.1
-0.0795365
 0.0992814
  0.512036
-0.0819632
0.420893
0.299257

Set of 69
x: -0.6 y: -0.8
-0.432275
 -0.22494
-0.803313
 -1.05185
-0.425136
-0.698111

x: -0.1 y: -0.2
-0.425136
-0.698111
-0.046958
-0.344375
-0.0540972
  0.128796

x: -0.1 y: 0.3
-0.0540972
  0.128796
-0.0612363
  0.601968
-0.432275
 -0.22494

Set of 70
x: -0.1 y: 0.4
0.222675
0.581123
0.00898979
  0.501377
-0.152064
 0.355736

x: -0.2 y: 0.3
-0.152064
 0.355736
-0.313119
 0.210095
0.0616204
 0.435482

x: 0.3 y: 0.6
0.0616204
 0.435482
 0.43636
0.660868
0.222675
0.581123

Set of 71
x: -0.8 y: 0.4
 -1.09056
-0.095855
-0.910966
  0.83638
-0.00495613
   0.110096

x: 0.4 y: -0.5
-0.00495613
   0.110096
 0.901053
-0.616188
-0.184552
-0.822139

x: -1 y: -0.7
-0.184552
-0.822139
-1.27016
-1.02809
 -1.09056
-0.095855

Set of 72
x: 0.6 y: -0.6
 0.100283
-0.850915
  1.09893
-0.696595
 0.128132
0.0153672

x: -0.7 y: 0.3
 0.128132
0.0153672
-0.842662
  0.72733
-0.870511
-0.138953

x: -0.7 y: -0.7
-0.870511
-0.138953
-0.89836
-1.00523
 0.100283
-0.850915

Set of 73
x: -0.2 y: 0
-0.0241121
  0.462527
-0.324358
-0.212362
-0.119642
0.0967453

x: 0 y: 0.3
-0.119642
0.0967453
0.0850746
 0.405853
0.180604
0.771634

x: 0.2 y: 0.9
0.180604
0.771634
0.276134
 1.13742
-0.0241121
  0.462527

Set of 74
x: 0.3 y: -1
0.0669193
-0.249635
0.214145
-1.56828
 0.58201
-0.57051

x: 0.6 y: 0.6
 0.58201
-0.57051
0.949874
0.427256
0.434784
0.748131

x: 0.2 y: 0.8
0.434784
0.748131
-0.0803066
   1.06901
0.0669193
-0.249635

Set of 75
x: 0.8 y: 0.7
0.482514
0.745326
 1.13641
0.852847
  1.01943
-0.298097

x: 0.8 y: -0.9
  1.01943
-0.298097
0.902461
-1.44904
 0.365541
-0.405618

x: 0.2 y: 0.6
 0.365541
-0.405618
-0.171379
 0.637805
0.482514
0.745326

Set of 76
x: 0.1 y: 0.4
-0.0872438
  0.404983
 0.29895
0.509725
-0.0708383
  0.053077

x: -0.4 y: -0.2
-0.0708383
  0.053077
-0.440626
-0.403571
 -0.457032
-0.0516656

x: -0.4 y: 0.2
 -0.457032
-0.0516656
-0.473437
  0.30024
-0.0872438
  0.404983

Set of 77
x: 0.1 y: -0.2
-0.354882
-0.645437
0.163125
-0.37834
0.159772
0.111616

x: 0.1 y: 0.3
0.159772
0.111616
0.156419
0.601572
-0.358235
-0.155482

x: -0.6 y: -0.7
-0.358235
-0.155482
-0.872888
-0.912535
-0.354882
-0.645437

Set of 78
x: -0.4 y: 0.2
-0.227602
 0.252433
-0.665072
 0.266021
-0.0505026
 -0.314845

x: 0.4 y: -0.6
-0.0505026
 -0.314845
 0.564067
-0.895711
 0.386968
-0.328434

x: 0 y: 0.2
 0.386968
-0.328434
0.209869
0.238844
-0.227602
 0.252433

Set of 79
x: 0.2 y: -0.4
0.477597
0.306667
 0.441376
-0.731478
-0.461686
-0.377204

x: -0.9 y: 0
-0.461686
-0.377204
  -1.36475
-0.0229292
-0.425466
 0.660942

x: 0.3 y: 0.9
-0.425466
 0.660942
0.513817
 1.34481
0.477597
0.306667

Set of 80
x: -0.9 y: -0.6
  -1.15442
-0.0217767
 -1.07246
-0.970355
-0.343549
-0.417816

x: 0 y: 0.1
-0.343549
-0.417816
0.385358
0.134723
-0.425511
 0.530762

x: -1 y: 0.6
-0.425511
 0.530762
-1.23638
0.926801
  -1.15442
-0.0217767

Set of 81
x: 0.9 y: -0.5
0.670611
0.307925
  1.38694
-0.722192
 0.180209
-0.810291

x: -0.6 y: -0.6
 0.180209
-0.810291
 -1.02653
-0.898391
-0.536123
 0.219825

x: 0 y: 0.8
-0.536123
 0.219825
-0.0457206
   1.33804
0.670611
0.307925

Set of 82
x: 0.7 y: -0.8
0.0112479
-0.100005
 1.22105
-0.84819
 0.322231
-0.995761

x: -0.4 y: -0.9
 0.322231
-0.995761
-0.576591
 -1.14333
-0.887573
-0.247575

x: -0.9 y: 0.2
-0.887573
-0.247575
-1.19856
 0.64818
0.0112479
-0.100005

Set of 83
x: 0.4 y: 0
 0.285515
-0.136768
0.65706
0.22875
-0.168146
-0.370956

x: -0.7 y: -0.8
-0.168146
-0.370956
-0.993352
-0.970662
-0.539691
-0.736474

x: -0.3 y: -0.6
-0.539691
-0.736474
-0.0860304
 -0.502285
 0.285515
-0.136768

Set of 84
x: 0.1 y: 0
-0.753844
 0.477213
-0.0257685
 0.0911858
0.671155
-0.34779

x: 0.9 y: -0.5
0.671155
-0.34779
  1.36808
-0.786766
-0.0569206
 0.0382373

x: -1 y: 0.6
-0.0569206
 0.0382373
-1.48192
 0.86324
-0.753844
 0.477213

Set of 85
x: -0.3 y: 0.8
-0.213754
 0.649882
-0.518903
   1.0552
 0.23073
0.379791

x: 0.7 y: -0.1
 0.23073
0.379791
 0.980363
-0.295613
  0.535879
-0.0255224

x: 0 y: 0.4
  0.535879
-0.0255224
0.0913951
 0.244569
-0.213754
 0.649882

Set of 86
x: -0.1 y: 0.1
0.258206
0.677634
-0.162023
0.0073741
-0.566794
-0.672366

x: -0.7 y: -0.9
-0.566794
-0.672366
-0.971565
 -1.35211
  -0.146565
-0.00210681

x: 0.4 y: 0.9
  -0.146565
-0.00210681
0.678435
 1.34789
0.258206
0.677634

Set of 87
x: 0.5 y: -0.2
0.266006
-0.30779
 0.671932
-0.204031
 0.79908
0.284537

x: 0.8 y: 0.5
 0.79908
0.284537
0.926228
0.773104
0.393154
0.180777

x: 0.1 y: -0.3
0.393154
0.180777
-0.13992
-0.41155
0.266006
-0.30779

Set of 88
x: 0.3 y: 0.7
-0.245979
 0.622198
   0.579
0.697421
0.157433
0.722692

x: -0.4 y: 0.7
0.157433
0.722692
-0.264134
 0.747962
-0.667546
 0.647468

x: -0.8 y: 0.6
-0.667546
 0.647468
-1.07096
0.546974
-0.245979
 0.622198

Set of 89
x: -0.5 y: 0.1
-0.470889
 0.390089
-0.680382
-0.188827
 0.279582
-0.544629

x: 0.8 y: -0.6
 0.279582
-0.544629
  1.23954
-0.900432
 0.489075
0.0342864

x: -0.3 y: 0.6
 0.489075
0.0342864
-0.261395
 0.969005
-0.470889
 0.390089

Set of 90
x: 0.7 y: 0.8
0.694367
0.152094
1.04388
1.44343
-0.200565
 0.231872

x: -0.9 y: -0.9
-0.200565
 0.231872
 -1.44501
-0.979681
-0.550079
 -1.05946

x: -0.1 y: -1
-0.550079
 -1.05946
0.344853
-1.13924
0.694367
0.152094

Set of 91
x: 0.9 y: 0.5
 0.917225
-0.266824
 1.22343
0.715059
0.167451
0.955007

x: -0.4 y: 0.9
0.167451
0.955007
-0.888532
  1.19495
 -0.138758
-0.0268765

x: 0.6 y: -0.7
 -0.138758
-0.0268765
0.611017
-1.24871
 0.917225
-0.266824

Set of 92
x: -0.6 y: -0.5
-0.455132
-0.410362
-0.830408
-0.547387
  -0.2344
-0.561909

x: 0.2 y: -0.5
  -0.2344
-0.561909
 0.361608
-0.576431
 0.140876
-0.424883

x: 0.1 y: -0.4
 0.140876
-0.424883
-0.0798561
 -0.273336
-0.455132
-0.410362

Set of 93
x: -0.8 y: 0
0.273632
0.139787
-0.978941
 0.403413
-0.969712
-0.532251

x: -0.8 y: -1
-0.969712
-0.532251
-0.960483
 -1.46791
 0.282861
-0.795877

x: 0.9 y: -0.2
 0.282861
-0.795877
 1.52621
-0.12384
0.273632
0.139787

Set of 94
x: 0.8 y: 0.9
 0.332165
0.0611175
1.22823
1.19057
0.465389
0.839513

x: -0.2 y: 0.3
0.465389
0.839513
-0.297449
 0.488454
-0.430673
-0.289942

x: -0.4 y: -0.6
-0.430673
-0.289942
-0.563897
 -1.06834
 0.332165
0.0611175

Set of 95
x: 0.7 y: 0.9
0.618117
 0.65062
0.968405
 1.23977
-0.00898759
   0.492441

x: -0.6 y: -0.1
-0.00898759
   0.492441
 -0.98638
-0.254884
 -0.359276
-0.0967053

x: 0.1 y: 0.1
 -0.359276
-0.0967053
 0.267828
0.0614735
0.618117
 0.65062

Set of 96
x: -0.6 y: -0.7
0.0654266
-0.226494
 -1.05515
-0.762151
-0.293891
-0.793905

x: 0.5 y: -0.6
-0.293891
-0.793905
0.467365
-0.82566
 0.826682
-0.258248

x: 0.9 y: 0
 0.826682
-0.258248
   1.186
0.309163
0.0654266
-0.226494

Set of 97
x: -0.9 y: -0.3
-0.689074
-0.752273
 -1.32072
-0.107211
-0.0876413
  0.281848

x: 0.7 y: 0.3
-0.0876413
  0.281848
 1.14544
0.670907
 0.544007
-0.363213

x: -0.2 y: -1
 0.544007
-0.363213
-0.0574263
  -1.39733
-0.689074
-0.752273

Set of 98
x: 0.8 y: 0.5
0.482151
0.629155
 1.28084
0.537483
 0.0826676
0.00395331

x: -0.8 y: -0.2
 0.0826676
0.00395331
 -1.11551
-0.529576
-0.716023
0.0956253

x: -0.3 y: 0.5
-0.716023
0.0956253
-0.316539
 0.720827
0.482151
0.629155

Set of 99
x: -0.2 y: 0.6
0.140295
0.609121
-0.241042
 0.723295
-0.386259
  0.37851

x: -0.4 y: 0.2
-0.386259
  0.37851
-0.531477
0.0337259
-0.00492225
   0.264337

x: 0.3 y: 0.5
-0.00492225
   0.264337
0.521632
0.494947
0.140295
0.609121

